0.310938 0.893164
0.289453 0.046680
0.229297 0.128320
0.160547 0.190625
0.102539 0.259375
0.055273 0.298047
0.020898 0.349609
0.066016 0.388281
0.132617 0.420508
0.184180 0.454883
0.244336 0.491406
0.278711 0.525781
0.235742 0.583789
0.192773 0.618164
0.119727 0.658984
0.048828 0.706250
0.117578 0.747070
0.169141 0.783594
0.207813 0.809375
0.250781 0.837305
0.287305 0.867383
0.351758 0.055273
0.482813 0.139062
0.633203 0.250781
0.805078 0.379687
0.946875 0.508594
0.740625 0.650391
0.592383 0.747070
0.454883 0.839453
0.341016 0.328125
0.452734 0.407617
0.560156 0.515039
0.654688 0.596680
0.871680 0.759961
0.974805 0.841602
0.839453 0.931836
0.744922 0.959766
0.525781 0.955469

